891 1 70
1.0 0.3 0.4 
1 1 1 42 106 3 D
2 1 1 94 10 2 B
3 0 2 13 46 6 C
4 0 2 65 49 3 D
5 0 2 16 53 2 B
6 0 2 36 89 6 C
7 2 3 87 93 5 A
8 2 3 39 29 2 B
9 2 3 59 33 1 D
10 2 3 10 68 5 A
11 1 3 62 72 4 B
12 1 3 81 108 1 D
13 1 4 33 12 5 A
14 1 4 85 48 4 C
15 0 4 104 52 3 D
16 0 4 56 55 5 A
17 0 4 107 91 4 C
18 2 5 27 95 3 D
19 2 5 79 31 1 B
20 2 5 30 35 4 C
21 2 5 50 71 3 A
22 1 6 101 74 1 B
23 1 6 53 10 4 C
24 1 7 73 14 3 A
25 1 7 24 50 2 B
26 0 7 76 54 6 D
27 0 7 95 58 3 A
28 0 7 47 93 2 C
29 0 7 99 97 6 D
30 2 8 18 33 5 A
31 2 8 70 37 2 C
32 2 9 21 73 6 D
33 1 9 73 76 5 B
34 1 9 93 12 4 C
35 1 9 44 16 6 A
36 1 9 96 52 5 B
37 0 9 15 56 4 C
38 0 9 67 60 6 A
39 0 9 18 95 5 B
40 0 9 38 99 4 D
41 2 10 90 35 3 A
42 2 10 41 39 5 C
43 2 10 61 75 4 D
44 2 11 12 79 3 A
45 1 11 64 14 1 C
46 1 11 84 18 4 D
47 1 12 35 54 3 B
48 0 12 87 58 1 C
49 0 13 106 62 6 A
50 0 13 58 98 3 B
51 0 13 10 101 1 C
52 2 13 29 37 6 A
53 2 14 81 41 3 B
54 2 15 32 77 1 D
55 2 16 52 81 6 A
56 1 17 104 17 5 C
57 1 17 55 20 1 D
58 1 17 75 56 6 A
59 1 17 26 60 5 C
60 0 18 78 64 4 D
61 0 18 98 100 6 B
62 0 18 49 104 5 C
63 0 18 101 39 4 D
64 2 18 20 43 2 B
65 2 18 72 79 5 C
66 2 19 24 83 4 A
67 1 19 43 19 2 B
68 1 19 95 22 5 D
69 1 19 46 58 4 A
70 1 20 66 62 2 B
71 0 21 17 66 1 D
72 0 22 69 102 4 A
73 0 23 89 106 2 C
74 0 24 40 41 1 D
75 2 25 92 45 6 B
76 2 25 11 81 3 C
77 2 25 63 85 1 D
78 2 25 15 21 6 B
79 1 26 34 25 5 C
80 1 26 86 60 1 A
81 1 26 37 64 6 B
82 0 26 57 68 5 D
83 0 26 109 104 3 A
84 0 27 60 108 6 B
85 0 27 80 44 5 D
86 2 29 31 47 3 A
87 2 29 83 83 6 C
88 2 31 103 87 5 D
89 2 31 54 23 3 B
90 1 31 106 27 2 C
91 1 32 25 63 5 D
92 1 32 77 66 4 B
93 1 32 29 70 2 C
94 0 34 80 106 1 A
95 0 34 100 10 4 B
96 0 34 51 46 2 D
97 2 35 103 50 1 A
98 2 35 23 85 6 B
99 2 35 74 89 2 D
100 2 40 26 25 1 A
-1
