241 8 44
0.1 0.3 0.7 
1 1 1 65 107 2 B
2 1 1 22 63 3 C
3 2 1 47 31 6 B
4 0 1 90 86 2 D
5 1 1 67 33 4 A
6 2 1 88 56 3 A
7 2 1 17 47 2 B
8 0 1 77 43 3 D
9 1 1 107 94 3 D
10 0 1 76 39 5 D
11 2 1 98 59 6 A
12 0 1 74 24 1 A
13 1 2 62 14 2 A
14 0 2 82 107 2 D
15 2 2 70 52 6 D
16 2 3 14 83 3 D
17 2 3 49 96 3 B
18 2 3 45 43 4 A
19 0 3 93 71 1 B
20 2 3 40 77 3 B
21 2 3 29 37 5 D
22 0 4 84 21 3 B
23 0 4 29 57 5 A
24 2 4 78 34 2 C
25 1 4 68 82 5 C
26 1 4 45 77 1 C
27 0 5 86 37 2 C
28 1 5 54 34 6 D
29 1 6 36 73 1 C
30 2 6 90 57 5 B
31 1 6 69 53 2 C
32 2 7 43 82 2 C
33 0 7 29 84 2 C
34 2 7 62 58 3 D
35 2 7 46 29 5 D
36 0 7 50 64 6 D
37 0 7 14 77 1 A
38 0 8 37 24 6 D
39 1 8 84 56 5 D
40 1 8 47 70 1 D
41 2 9 96 60 3 B
42 0 9 67 78 6 D
43 1 10 50 87 2 B
44 1 10 32 57 3 D
45 1 11 42 105 4 C
46 0 12 89 37 6 B
47 1 13 92 72 2 A
48 1 13 55 101 2 C
49 0 13 104 64 6 C
50 1 14 93 98 1 A
-1
